[POS] TP-c: 394, TP-i(incorrect class): 50, FN: 56
[NEG] TN: 146, FP: 55

accuracy: 0.7703281027104137
precision: 0.7895791583166333
recall: 0.788
F1: 0.7887887887887889
