accuracy: 0.5129964649615305
precision: 0.6729443606813754
recall: 0.4587350944780774
F1: 0.5455664914092906
